Timestamp: 2021-04-06 11:18:02.510893
Args: (69,)
Result: 69

Timestamp: 2021-04-06 11:20:47.811366
Args: ('Pizza',)
Result: From printer: Pizza

Timestamp: 2021-04-10 14:20:21.909212
Args: (1, 2, 3)
Result: 6

Timestamp: 2021-04-10 14:21:36.085056
Args: ('Hi there',)
Result: From printer: Hi thereTimestamp: 2021-04-10 15:16:37.280112
Args: (0, 1, 2, 3, 4, 5, 6, 7, 8, 9)
Result: 45

